6887	26626
16601	36709
19498	34510
98	19879
19117	39395
17822	38054
2975	22709
10741	30628
18612	38815
11205	31099
11555	31466
10417	30322
2170	22002
1417	21171
14099	31842
10752	30637
12077	32090
9297	29231
9759	29719
9768	29059
5674	25510
2901	29755
7225	26983
15543	35488
14805	34797
13551	31329
18144	38341
19280	21363
1636	21421
17666	37867
6535	26288
3550	23366
2105	21934
2483	22366
540	20350
17482	37672
14465	34529
13445	33352
17762	38017
10090	30035
12480	32517
14730	34720
9692	29641
2622	22510
10334	30255
5267	25076
18020	36517
9032	28919
2132	21961
10544	30456
3210	22933
18279	38484
7194	26955
9561	37307
5462	25312
10706	34596
13922	33961
15869	35871
14683	34505
14205	34265
2528	22417
5434	25267
924	20697
8624	28490
6757	26468
6750	26458
11723	31634
15644	35614
12797	24864
18629	38839
8830	28689
13197	33094
17416	37597
4362	24001
8352	28184
17137	37284
12315	32346
19562	30979
13467	33381
742	20518
14748	34738
6191	25959
19184	39475
9381	29315
12633	32687
7974	27837
9608	29546
11957	31957
10602	30552
9747	29705
12249	32280
3104	22821
6014	25803
11848	31809
4065	23666
15689	35654
14264	34322
10827	30925
15945	35949
151	19931
4521	24149
6276	26069
10249	30195
6810	26522
18640	38852
5714	25454
19596	36831
263	20048
5352	25181
6646	26412
17134	37279
4696	33783
331	20128
18982	39226
3937	23533
15900	35901
4335	23981
2776	38095
12886	32745
11252	31147
8225	28042
1498	21267
11620	31526
1976	24556
5017	24745
12343	32376
10165	30093
3182	22903
19156	39450
17689	37906
846	20621
14471	34535
5006	24731
12527	32568
10178	30114
6262	26054
9964	29890
11808	31761
2321	22029
8043	27906
11577	32082
10089	30030
13498	33495
1036	20810
14662	34677
8384	28218
6493	35629
8446	28352
15802	35412
1343	21088
18274	20841
17241	37416
9083	29006
11209	31104
10383	27100
12318	32349
10721	30604
7403	24259
1520	21295
13824	33846
18368	38574
4768	24420
15458	35376
113	19896
10568	30474
16071	36130
11232	31126
2707	27044
18626	38836
3226	22948
66	19838
9502	29435
789	20555
2637	22524
8751	32321
10866	30762
16016	36042
5339	25150
8783	28647
17224	37399
12080	32148
17317	37508
5441	36239
9949	29875
7224	26981
14167	34224
18324	38517
11053	30952
18603	38799
17162	37311
3960	23556
19315	34244
10474	30384
8882	28759
18026	38238
14328	34385
12630	32684
3976	23571
13302	33178
17568	37763
6141	25900
5541	25035
7375	27193
6591	26365
19172	39465
11772	31686
18702	38946
2223	22060
7829	27681
14811	34803
8295	28107
16870	36994
8611	28478
11024	30873
17210	37387
17843	37946
15297	35289
16690	35976
12371	22328
2073	21894
7037	26796
7115	26865
7605	27422
12830	23520
18001	38200
19240	39546
12678	28877
16831	36956
397	20198
9124	29053
15409	36225
19037	39305
7322	27130
5412	25242
9255	29196
19180	39471
11680	31582
16315	36426
1552	21335
7308	27113
17736	37968
7154	26916
17097	37240
17459	37647
1580	21380
3755	36781
3849	23434
7506	27320
10161	30089
5946	25782
17523	37716
10049	29995
16819	36943
14989	34978
2629	32111
15651	35620
380	20177
17506	37698
5382	25210
10392	27070
16475	36578
8601	28470
18284	21723
6290	26087
670	35950
9509	29442
5827	25696
9149	29090
13447	33362
2964	22692
13765	33802
16986	37112
14998	34987
10468	30377
16284	24799
11731	31644
16916	23843
9983	29911
7581	27393
10682	30714
1763	21216
4509	24136
3665	23282
13649	33409
8746	28606
9944	29868
13087	32976
4353	23993
8019	27881
7818	27669
8118	27975
13192	33088
9713	29665
17014	37146
7007	19924
9063	28952
15886	35880
4704	24335
354	20152
13416	33294
13943	33979
10515	30428
4038	23651
17872	22499
2356	22209
11820	31772
17860	39252
19223	39530
13821	33868
9301	29235
13675	33503
12905	32764
12319	32350
5472	25317
11681	31583
13681	33433
14348	34403
3176	22888
5534	25054
1267	31707
19657	21209
8404	28244
4798	24457
10503	30415
10357	30219
411	20244
14864	34857
7855	27721
16249	36351
8790	28654
19382	39588
12063	32074
13169	33056
2983	22762
18584	38780
16530	36643
4322	23970
10236	30181
18948	39196
11774	31688
2705	22583
1352	21095
15119	35103
1675	21467
12113	32162
4423	24046
9288	29225
9299	29234
1350	21094
16010	36028
1890	21706
10923	30816
1280	21045
2445	25296
14492	34559
18661	38875
8538	28402
16229	36326
13150	33065
16886	37010
9976	29904
11090	30987
16575	36683
14535	38074
1569	21356
1933	21753
5011	24737
17263	37449
3526	20181
530	20332
14017	34046
15650	35526
1378	21121
2353	22205
9472	29399
4141	23743
15210	35192
7597	27412
15067	35052
9710	29663
8787	28652
10941	30833
2679	22567
13411	33292
16076	36135
3863	23448
18204	38407
821	20601
16051	34714
7617	27434
18146	38343
3185	22906
17145	31868
15719	35702
12385	32426
13850	33934
17659	37861
3899	23485
15614	35577
4152	23756
18674	38897
12808	35713
10767	30655
18769	39016
7954	27826
10757	30642
18771	39018
11566	30224
3977	23572
4545	24172
3969	23566
17812	27437
1807	21612
13384	33258
7040	26799
4215	23854
108	19890
4715	23839
13464	33378
1611	21393
13086	32975
6710	39099
19545	23253
8076	27936
6064	25813
16855	36986
8755	28613
7799	27637
2361	22216
16434	36541
3911	23496
15389	37360
19014	39268
2592	22475
6139	25896
14381	33665
6821	26538
12092	32117
5538	25063
6449	30356
14545	28988
974	20749
1201	20981
19481	29829
6055	38492
1970	21788
15699	35666
19495	33252
3886	23476
870	20644
1566	36391
6539	26299
6383	26185
2045	21864
9493	29426
1562	21344
281	20072
11227	31121
13584	36229
14912	34904
17510	37701
14794	34786
2056	21878
9635	29583
9137	29072
649	20452
15218	35199
8214	28030
3957	23553
335	20127
14904	34896
1410	21165
4064	23665
460	20261
1234	21015
5220	24948
9691	29640
17448	37633
8146	28003
11322	31215
12781	31721
5288	25092
3483	23206
2351	22202
8638	28500
16081	36140
7191	26952
19259	39563
8150	28007
13099	38706
3099	22811
9735	29695
12717	35585
9415	29337
7930	27787
5413	25241
10703	30588
10931	30825
13872	33920
14001	34030
13009	33736
13048	32917
13578	25656
4421	24043
945	20083
19102	39379
16993	37120
8364	28197
19441	24422
4497	24124
5167	24961
9571	37439
6409	26217
1035	20808
17340	37532
9347	29281
13543	33469
5442	38928
3033	22732
17564	37758
4405	30964
8608	28475
1256	32129
7338	27148
14768	34759
11764	31677
10690	30575
2159	21990
18710	38955
2737	22626
13478	33392
8854	28727
11426	31334
10385	27104
630	33653
11835	31790
8563	28429
13020	32882
7292	27054
4911	24628
16131	36184
4816	24427
9530	29465
18195	38395
2383	22240
9677	25118
10070	30180
15619	35582
1774	21579
2172	22003
3649	31718
11119	31016
5944	25779
5415	25244
10432	30338
9666	29622
16788	36907
11976	32039
8841	28709
878	20658
13653	33436
6492	35628
4806	24464
3079	22696
12370	32406
14549	28963
1485	21252
17636	31753
14003	34032
14459	34525
2458	22342
11287	31194
9528	29463
11849	31810
4095	23695
10437	30343
17712	37930
15280	35272
15628	35598
1929	21748
12086	32102
365	20164
3644	23347
2542	30175
5613	25424
2184	22019
12821	36072
12776	33793
11269	31167
1716	21519
16465	36570
11933	31939
5206	24942
16613	36722
6475	33649
5491	25334
3091	22807
4855	24525
4271	27077
9913	29841
10214	30154
16304	24802
12660	32709
9418	29343
6008	29060
15243	35223
9406	39278
2324	22166
6609	26385
4123	23726
9940	29864
3608	23382
15391	20651
12096	32125
12372	32410
17284	24409
11633	31538
4590	24216
13902	33948
13680	22650
3843	23418
2381	22238
5650	25484
10664	30564
13982	34015
10031	29972
19645	39626
1398	21154
4493	24120
3625	23249
6073	25822
3979	30515
17717	37935
15362	37356
13119	33014
4923	24641
13061	32939
7135	26897
3942	23537
10901	30795
3697	23528
14728	34718
14829	34821
11102	30998
11753	31665
6839	26566
14358	34413
18266	38468
3337	23082
14889	34881
14363	34423
14668	34119
8885	28763
15096	35081
1296	19818
9009	28894
5852	25703
4698	39428
10951	30888
15594	35549
11807	31759
1699	21504
14780	34772
11590	31487
8802	28667
16186	36278
9798	27512
15577	35528
6728	26440
16292	36411
1557	21339
4476	24103
19403	26003
1672	21461
17765	38019
10707	30315
14522	34584
2168	21999
2317	22162
4546	24173
16501	36614
14737	34727
14448	34507
9085	29009
6886	26625
15256	35249
11535	31442
6579	26342
14178	34235
5272	25045
19333	27180
4265	23920
6436	25289
6215	25991
4845	24513
15629	35599
379	20176
3991	23584
9668	29686
3002	22706
15302	35295
3631	23255
7520	27336
4888	24579
14867	34860
13133	33026
9992	29920
12750	23823
19463	25436
16117	36174
8274	28092
5833	25579
7958	27816
18980	22894
2348	22199
1899	21716
14355	34410
13501	33500
3804	23389
8609	27706
2899	34646
18319	38524
13947	33984
12201	32239
8409	28249
10532	30445
18747	38997
2886	25367
12284	32308
8815	28681
18356	38561
3934	23235
16853	36983
11897	31895
702	20468
4628	24254
11451	31351
5866	25720
17100	37242
16305	36420
10561	30470
7105	33553
3974	23569
6900	26624
1761	21569
7005	26754
16606	36715
943	20721
11144	27710
13494	33482
8763	28622
10450	30361
6310	26111
8831	28703
1936	21756
18424	38632
9212	29157
8269	28086
19049	39318
15610	35573
2711	22586
19439	35566
3304	36747
1019	20795
7299	27062
17020	37152
14883	34873
7558	27371
19563	31386
782	20551
161	19939
11809	31762
16998	37126
5514	25361
5645	25625
2803	19773
4905	24620
2144	21971
1403	21158
16996	37124
16261	34688
14429	34473
9864	29787
18753	39002
9109	29035
11852	32019
656	20850
11402	27388
4653	26536
18823	39062
3479	23202
7497	27311
19384	39590
16570	36678
16939	37063
666	33075
2218	22055
4368	24008
3094	22810
9351	29285
8623	28489
14351	34406
9579	29506
13641	33439
10839	28614
8979	28863
11760	31673
17976	38165
4279	23929
12884	32743
4721	24152
19050	39320
6598	26372
2301	22147
11930	31934
10997	30896
1568	21355
2290	22136
5957	25793
4991	24710
15630	35601
3561	23370
8718	28576
14614	34636
3788	23302
19496	33253
15042	35032
8107	27963
3156	22865
4091	23691
831	20584
4284	23931
13239	32962
12869	32727
13647	33456
4151	23755
8745	28605
3024	22750
11246	31141
17661	37814
9753	29712
1028	20800
6045	36491
17786	38045
17417	37601
10238	30183
7680	27517
11106	31002
909	20688
11872	31845
9323	29253
18327	38533
9372	29306
17268	37454
14457	34523
10419	30324
16591	36700
11715	31621
9617	29560
823	20603
18104	38287
2085	21907
3737	19723
16650	36756
11917	31921
12621	32672
17042	37175
14192	34251
1513	21285
18160	33574
13720	33751
7112	26849
12228	32266
179	19959
5138	24888
6699	31670
12481	32520
16020	36046
4171	23774
7551	27363
6871	26609
6472	37496
1909	21727
3412	23139
7929	27786
10993	30891
5416	25246
13625	33424
19566	32668
12448	32484
72	19845
7474	27288
17588	33343
13879	21611
17428	37612
5284	25089
17944	38167
6381	26183
7522	27338
94	19875
19559	31439
684	20060
16856	36987
10430	30334
8363	28196
7077	26856
1199	20979
9330	29265
17498	33520
10990	24658
14949	34940
9963	29889
1921	21740
17123	37269
8106	27962
2808	33850
275	36197
4418	24041
523	20319
12748	23820
7151	26913
4631	21540
8919	28799
9831	29764
4422	24044
3159	22868
4139	23741
15837	35838
8811	28677
15557	35508
2850	22913
6180	25943
1474	21239
7584	27396
16987	37113
700	20466
18152	38350
17341	37514
11423	31324
7640	27459
18604	31858
11706	31604
9476	29404
5283	25088
15443	35362
10135	30067
9662	29619
16933	37057
8176	28016
1283	39249
5214	24950
10770	30658
11056	22985
9789	19694
4194	23801
18095	38275
2879	19753
5669	25505
10395	27075
9880	29797
18336	38542
12296	32325
7363	27171
7126	33552
12186	32222
5969	21033
144	19926
5786	25670
603	20417
247	20034
15906	35908
16527	36640
7472	27286
7864	27729
12949	32794
12784	35590
2565	22443
11414	31314
19574	34664
6144	25904
6408	26215
17983	38175
5224	24974
12026	32030
7614	27431
721	20491
12782	31728
8194	28230
12876	32735
12823	36073
4219	23864
18571	38764
7869	27734
13660	33426
14220	34282
19518	36762
272	20066
14776	34768
8549	28415
12762	25171
8683	28543
18881	39129
1821	21632
10717	30599
8437	28275
14936	35236
12513	32555
17348	37541
12999	32861
11270	31169
8220	28037
2663	22547
9776	37961
15435	35354
17834	37971
1475	21241
15434	35353
14835	34444
5506	25352
10311	30242
12877	32736
1184	20960
18793	21375
7664	27498
7016	26762
364	20163
19083	39359
14788	34780
5530	25036
15489	35422
11004	30903
9045	28931
19478	27184
3297	32197
10183	30120
11114	37409
10663	30563
5178	24969
16675	36803
6005	29034
17793	22978
4832	24491
19377	24545
1674	21465
13025	32894
413	20221
11272	31171
16283	36403
19105	39382
16789	36909
12105	32154
626	31703
14672	33264
9770	32690
13046	32920
369	20166
12187	32224
11651	31550
849	20624
5727	25449
3851	23435
11755	33563
17350	37543
16473	36576
19255	39559
1171	20965
2732	22618
14566	28987
5324	25134
8829	28688
6857	26591
16440	36546
13190	33085
7341	27152
5920	30317
5401	25230
3682	23303
13042	32914
8898	28777
7737	27574
5936	25773
1908	21726
67	32573
6009	29500
17801	27010
17910	38219
11659	31558
3403	22293
9079	29003
9762	39324
4167	23772
10020	29960
2251	22086
15987	36002
8872	28748
1450	22204
15378	37362
1115	20899
10133	30064
11112	31010
17665	37866
502	20288
12465	32502
664	30373
8848	28717
10587	30499
10820	30719
16623	36730
9489	29422
12906	32765
16178	36274
5322	25132
183	19964
12161	31836
12707	23232
8006	27869
11791	31734
16055	36111
17019	37151
8377	28210
2774	21127
7120	26870
1176	20952
3530	24796
7561	27374
10017	29956
18355	38568
1599	21372
4532	24161
8569	28437
15375	37352
10794	30683
14663	34678
12526	32566
2274	22116
5523	24995
13585	24708
8414	28254
10539	30451
11018	30922
13522	33481
7648	27483
7415	22440
18864	39110
3453	23169
9132	29069
14553	28969
12512	32554
13871	33919
12822	36076
990	20769
12508	32548
6571	26326
6418	26230
5327	25138
18217	38419
2021	21839
15289	35282
1249	21031
2903	23514
7642	27462
2386	22243
11913	31914
8385	28219
18735	38982
18977	39223
16097	36155
4994	24714
13861	33908
19246	39551
14790	34782
6888	26627
4614	24239
2729	22608
10303	30233
16224	36311
18407	38615
720	20490
19	19678
2315	22159
8749	28609
14421	34465
9629	29575
838	20612
14861	34854
8366	28199
5034	24765
15983	35998
16088	36146
8953	28837
7402	33600
2455	22336
16643	36748
15582	35535
3939	27689
8468	28321
5301	25109
15468	35385
14084	34139
9593	29523
6021	30194
1203	20983
10614	30550
2083	21905
511	20312
10348	30281
11178	31072
979	20755
16467	36572
8026	27887
4551	24178
16618	36726
9046	28932
2154	21983
3591	23384
2943	33359
2016	21833
6745	26461
13795	33842
2011	21824
5780	25663
8297	28109
10056	30004
8896	22781
2941	19776
6072	25823
16640	38053
16265	36364
5166	24920
4778	24435
4159	23764
15701	35519
13713	33744
9133	29073
14237	34299
14756	34746
15815	35810
5345	25172
13240	32964
9796	23817
7638	27457
15022	35010
15652	35621
18639	38851
18687	38916
12031	32035
2759	22659
19125	39405
7186	26948
18411	38617
19530	37707
17592	37806
6905	26714
10055	30003
17244	37419
11315	31204
7769	31869
18240	38448
3857	23443
6087	25836
19398	20202
3136	22844
14233	34295
1845	21659
8237	28052
16523	36638
2923	24497
14270	34347
7451	27266
2487	34701
8374	28207
14617	33960
4136	23739
4853	24522
9416	29338
18010	38220
15600	35558
18309	38540
8485	28337
13106	32997
933	20714
15275	35268
9114	29040
12652	26801
6326	26128
13797	33844
18685	38912
8781	28645
259	20013
8827	28687
13513	33477
1393	21149
13528	25633
9903	29832
85	19865
6524	26264
13570	33668
15613	35576
15748	35727
8531	28388
11727	31639
12993	32853
1206	20986
3642	23264
16878	23915
9652	29611
3890	23423
10483	30394
14643	38516
18278	38483
8397	28362
3019	22744
1831	21645
1001	20776
1078	20868
19529	31803
15934	35940
1989	21802
14585	34604
6344	26145
11371	31268
15548	35493
4920	24637
8836	28705
2036	21855
18859	39107
6853	26584
18686	38915
17357	37517
785	20553
17737	37975
6082	25833
15569	35520
15044	35031
7925	27781
1965	21782
7676	27515
19575	35699
14384	36809
8762	28621
3457	23174
7595	27411
14741	34731
13662	33437
4587	24213
3869	23456
1786	21591
17747	37992
7334	27141
19432	27653
11565	30226
5274	25055
1131	20916
13518	33400
5455	25290
12355	32389
4084	23684
17188	37342
15861	35864
18643	38855
14425	34470
2571	22449
4428	24054
8634	28497
9842	29774
8137	27992
18526	38477
7634	27461
10404	27088
14300	34362
4434	24060
17784	38043
1148	20930
13873	33923
5761	25605
466	20325
4169	30904
10013	29949
10950	30845
3488	23211
12251	32281
2007	21820
7599	27416
14063	34102
3567	23374
17302	37489
7729	27565
632	38081
19077	39350
6812	26533
16805	36925
2778	22663
19366	20858
16594	19729
9610	29550
6293	26091
2347	22197
1700	21505
13030	32902
11758	31669
13980	34014
12435	32469
14393	34434
17779	38038
7821	27672
4570	24196
14642	35491
8578	28447
9953	29879
18050	38196
895	20675
16555	36670
18656	38870
2804	25370
584	20399
7592	27407
5640	25475
13786	33798
4864	24537
6407	26214
7876	27741
15684	38106
3637	23259
17362	37554
13260	33138
16733	36850
303	20098
655	20455
972	20747
4340	25748
15227	35207
14976	34966
3884	23473
660	23511
16744	36865
6459	29653
14374	22986
18239	38447
7621	25638
2086	21908
5739	25557
4247	23895
11927	31931
611	26002
14979	34968
3283	32616
6562	26317
6125	25866
1286	19851
10190	30127
6071	25821
1305	21050
17749	37995
17898	30851
11262	31158
4867	24541
15061	35045
9978	29900
18120	38307
2685	22572
13845	33892
15570	35521
18660	38874
14786	34778
10914	30806
11762	31675
3129	29809
6594	26368
2613	22500
15586	35539
9459	29385
8153	24302
44	19808
393	20192
7123	26873
9368	29302
12007	32010
19351	24596
16580	36689
18040	38182
7482	27296
1560	30098
10858	30756
19219	39524
12347	32380
8168	28392
10640	30568
17858	38115
11733	31646
8960	28845
2033	21853
19300	24480
12756	23828
15794	35791
156	19936
4667	24304
14376	27467
745	20521
4119	23699
12683	32137
11688	33629
10792	30680
14831	34823
11392	31301
18589	38784
3726	23350
7498	27312
17888	27784
18323	38531
5186	25601
2841	24506
7253	27012
15717	21678
15290	35283
11891	31886
10905	30799
484	20286
10915	30807
10773	30661
12053	32062
12958	32819
8111	27967
2053	21875
9980	29908
11268	31166
12020	32024
3829	23412
17496	37688
10217	30157
5321	25128
12593	32645
182	19965
17421	37605
8478	28332
9492	29425
12875	32734
9037	28924
6422	26235
12406	32455
9642	29592
13	19674
7573	27387
6313	26114
2227	22064
9611	29554
7594	27410
8622	28143
2204	22041
14462	34527
6664	25971
74	19854
1601	21373
2844	19769
14605	34627
4143	23746
17797	33871
13897	33943
15584	35537
3140	22848
16251	36352
5065	37853
7637	25639
17212	37388
11081	30970
11986	31988
10491	30405
14020	34049
9531	29467
11304	25170
6253	26043
12971	32832
17293	37471
18304	38513
12555	32600
15492	35424
17358	37550
17455	37641
13418	33321
8544	28410
16090	36148
12736	22621
11065	25034
7620	27442
8390	28222
12346	32379
11298	31191
8254	28072
7983	28126
14248	23288
374	20172
16583	36693
10271	29589
2593	22476
11156	31049
52	19822
11759	31667
6209	25985
19442	21485
6163	25925
3578	32138
4456	24080
14589	34608
16135	36190
559	20375
5647	25481
8082	27940
304	20100
12747	35386
15946	35951
16479	36588
1334	21084
7508	27322
7170	26932
6198	25963
17629	37831
12530	21047
3233	22965
5024	24754
8534	28397
550	20356
16222	36310
2220	22057
344	20142
6361	26163
13432	33336
10982	30879
13841	33888
13443	33351
1771	21576
3316	23056
3688	19691
11321	31214
9399	29331
4964	24675
18830	39074
4006	23606
90	19870
235	20024
11794	31744
10684	30543
7032	26789
5616	25427
6832	26552
10848	30746
10962	30856
4624	24250
19359	24588
4708	24337
15979	35995
10024	29963
11062	36808
10145	30076
17440	37623
17913	33143
9460	29386
5386	25216
2230	22067
19394	24717
12354	32387
14273	34330
5520	24982
544	20354
7181	26944
4617	24242
6104	25849
2342	22193
8495	28348
19059	39332
15733	35726
2766	27080
18704	38948
8434	28272
18891	39138
9925	29852
1025	20778
4487	24114
12654	35591
14938	34929
3284	23026
4757	24407
15787	35784
825	33523
13459	33375
11002	30901
13918	33957
16828	36952
10088	30028
4166	23771
11754	31666
2870	19716
4849	24518
14102	34157
15627	35597
2821	37958
3350	23096
100	19881
8629	20863
17490	37681
15722	35705
7316	27122
3675	23294
7978	27840
13298	33755
5740	25560
12223	32261
12017	32021
4133	23729
1067	20844
7209	26968
2408	22262
9097	29021
7999	27862
12739	22007
8963	28847
10723	30606
8212	26083
5806	25080
12690	35163
15498	35434
12924	32785
9248	29186
10426	30336
9389	29323
12032	32036
12211	31796
14069	34108
8742	28600
5393	25222
5106	24839
134	26723
5213	24949
14387	24562
10180	30117
17792	20065
1041	20815
2871	19724
14934	34926
18037	38132
18827	39067
1153	20936
3116	22830
18869	39116
5563	27638
13014	33189
8068	27926
1962	21779
5304	25112
12507	32547
8442	28281
3109	22824
2084	21906
7094	26841
8114	27970
16125	36181
14600	34622
16429	36536
16504	36617
18512	38705
11781	31695
15303	35296
7116	26866
17585	37780
770	20540
5131	25336
11432	31333
6935	26677
14754	34744
382	20179
5812	25690
7215	26972
8307	28122
12427	32461
9672	29626
9850	29783
558	20324
7463	27276
3832	23415
8894	28774
427	20212
3254	22993
13226	33116
14005	23912
12121	32170
11997	32001
17639	37838
9787	19830
1057	20830
9482	29416
17013	37144
15681	38112
494	20308
13634	33422
10122	30054
6113	25862
4671	24308
7035	26793
5781	25664
8654	28519
13196	33092
11411	31310
2656	22539
17202	37378
11073	30960
12035	32042
3277	23509
13530	25305
1850	21665
4304	23953
4791	24451
16463	36568
12960	32821
19160	39454
454	20258
11449	31349
17356	37548
7537	27355
12959	32820
12068	32081
10371	30303
16093	36151
5653	25487
5163	24917
2860	19713
8077	38317
5772	25652
8792	28656
1174	20950
4225	23872
9917	29845
7228	26504
16398	36499
5533	25051
19069	39341
4792	24349
8287	27717
8612	28479
2646	22530
15199	35180
7082	26858
18679	38902
122	19907
11494	31392
8184	28024
15698	35664
17030	37163
11369	31265
11350	31242
3227	22949
10156	30086
7169	26931
4176	23780
7449	27264
5675	25512
3747	19714
12257	32287
17551	37919
15760	35750
7444	27259
1964	21781
11433	31332
10816	30710
10373	30307
813	20592
7836	27687
2642	22526
9720	29672
18110	38293
18089	38268
15143	35960
14656	35461
6890	26629
17091	37233
9456	29382
7744	27584
16009	36027
6991	26738
8945	28828
11116	31014
832	20606
2116	21946
16861	36901
8309	28124
18956	39203
12118	32167
15813	35809
111	19893
1218	21000
2049	21868
10276	29602
5925	25761
13859	33906
10945	30838
5383	25213
12895	32753
10320	30251
2280	22123
4449	24075
11737	31649
18099	38282
14333	34390
9812	29739
8156	28298
9749	29710
7802	27650
10728	30612
8119	27976
9038	29057
5332	25142
14924	34917
8186	28378
14793	34785
19235	39540
5681	25519
10423	31585
12711	23266
6097	35587
16734	36853
13505	33486
16235	36335
3563	23371
911	20690
8714	28571
8700	28559
4625	24251
2115	22207
14018	34048
19159	39453
3139	22847
9794	29496
16313	36424
8917	28796
5257	25068
6702	26429
19051	39321
14287	34376
18539	38730
10482	30393
12636	32692
10233	30174
4986	24346
1843	21657
9959	29886
383	20180
19003	39255
12618	32669
4066	23667
14181	34238
16940	37064
1304	21049
17800	33036
10470	30379
18182	38380
13200	33317
1270	31709
16403	36506
15834	35833
10479	30389
11916	31920
7203	26962
8862	28737
17912	32683
18693	38936
8401	28241
15206	35188
10815	30709
10800	30691
5698	25529
2612	22498
7088	26859
17036	37169
5039	24770
4766	24418
5988	26563
12039	32047
18960	38830
6656	25872
12938	32799
4882	24573
13818	33865
1084	34493
7340	27151
2526	22415
1654	21440
2242	22079
12741	32615
6494	38047
12244	20435
17402	37585
15775	35771
7991	27855
15737	35735
8536	28399
12052	32059
6645	26411
8477	28331
17862	38124
9365	29299
5715	25459
14470	34534
10033	29974
15195	35177
13040	32911
4384	24023
3015	22741
13063	32942
6722	26433
14785	34777
5962	25798
12728	24815
5347	25174
4957	34501
11520	31424
10604	30554
2136	21964
17853	38089
13160	33050
6371	26173
11954	31953
6238	26028
8843	28712
27	19790
2139	21967
16368	36468
7136	26502
15045	35463
3248	22983
11470	31368
15953	35968
3181	22900
2146	21973
12734	22619
9955	29881
19009	39264
11789	31715
10668	30702
8062	27921
13178	33059
3149	22857
17253	37429
18602	38798
18423	38631
13453	33369
4582	24208
9756	29715
16775	36893
4383	24022
4170	23776
17650	37849
3847	23432
8771	28630
8317	28134
15094	35079
5519	25366
19654	39644
4232	23881
410	20218
9398	29329
1628	21409
4786	24444
1198	20978
13267	33145
13575	33672
1773	21578
5648	25482
18562	38752
19031	39299
7519	27335
17905	32646
14439	34484
2916	36764
8713	28570
19624	25130
13181	33266
12912	32771
3736	24993
3833	23416
14681	31347
1602	21371
17846	38067
2496	22380
3218	22941
16096	36154
10674	30699
6861	26597
16459	36564
13034	32906
5598	25699
13540	33466
11259	31155
8748	28608
17492	37683
18094	38273
17343	37534
13188	33084
9950	29876
11579	23821
18868	39115
7387	27209
6306	26107
2395	22254
3192	22915
12116	32165
1445	21623
16472	36575
11456	31358
4348	23989
16208	36300
18150	38348
16887	37011
5245	25031
16694	35347
8501	28355
2202	22039
17873	22776
305	20101
9705	29656
6806	26525
5857	25708
13971	34006
4356	23996
9226	29166
9995	29923
13509	33479
17392	37040
11898	31896
16519	36633
18028	37885
2281	22124
1647	21432
14336	34392
12923	32784
9905	29835
9659	29616
14590	34609
7633	27453
18722	38967
324	20120
6187	25952
16086	36144
5203	24929
8703	27478
6118	25869
10349	30282
18846	39087
8039	27902
6372	26175
7743	27580
17369	37561
9584	29512
18563	38756
6923	26664
9681	37351
17023	37155
9954	29880
6057	25807
6434	21872
15476	35395
5535	24987
12289	32316
16927	37051
9867	26250
10142	30074
5115	24849
19627	37909
6714	39105
2501	27639
3611	38071
1357	33590
6303	26103
7049	26811
6218	25994
3481	23204
300	20094
7984	27846
1805	21610
15873	35875
19197	39493
19321	24503
8464	28316
15398	20379
10844	30741
5643	25476
17093	37235
3150	22858
17426	37610
17555	37750
3088	22805
18036	38248
13794	33841
17481	37671
18766	39013
13448	33363
13182	33076
11969	31970
1295	19801
12974	32835
1438	21198
6503	26249
5346	25173
7420	27231
17932	38137
2478	22361
7450	27265
17034	37167
12344	32377
8080	27938
10928	30329
11712	31612
14120	34176
16649	36755
8052	27914
7305	27068
9171	29111
6044	36397
860	20632
110	19892
6135	25889
12163	20233
4889	24580
3323	23051
11214	31109
16345	36440
1794	21599
11929	31933
5025	24755
500	20285
1639	21424
12992	33567
1110	20894
668	36112
9534	29470
9765	21892
4359	23998
9023	28911
7891	27755
12851	29260
14607	34629
3365	23114
8022	27884
3784	19683
1436	21194
15028	35016
18148	38345
6127	25881
15530	35472
12703	23230
4514	24141
17063	37196
13679	33459
13345	33220
16354	36455
3289	23031
4963	24674
12745	22962
16040	36066
2908	19727
18579	38775
12189	32226
1689	21494
14302	34364
8163	28306
8096	27954
4447	24073
9815	29742
5276	25079
12584	32634
7406	33598
6318	26119
196	19975
8500	28353
1368	21107
3852	23441
1123	20908
16840	36965
14009	34038
954	20731
14460	34526
1561	21343
4717	38094
12716	23270
15749	35725
4075	23675
8839	28707
16977	37103
1145	20927
12438	32472
4245	23893
13231	33120
3988	32114
10435	30341
14414	34458
13610	20123
4360	23999
16425	36532
12770	29684
4261	23914
5143	24896
17816	36785
419	20215
477	20275
15189	35171
13427	33332
13770	33814
15972	35990
5129	24880
2490	22373
4665	24301
4022	23622
1290	19850
1797	21602
1345	21090
8820	28684
11904	31901
17702	37898
4077	23677
10558	30491
15339	35329
16399	36500
6701	26427
15827	35825
5134	24885
8684	28545
14161	34217
17413	37598
17208	37384
2875	19775
14077	34116
15783	35780
1099	20878
15592	35545
4156	23761
15541	35487
5779	25662
9342	29276
16874	36998
818	20598
16349	36444
234	20023
13967	34002
9178	25026
14008	34037
13592	33690
10648	30532
13801	33852
9644	29593
14969	34959
16442	36548
17791	37974
10025	29964
778	20545
16030	36055
16488	36599
5427	25258
16379	36479
15058	35233
8116	27972
9197	29139
12459	32494
15516	35455
14586	34605
3864	23449
16447	36554
8918	28797
2260	22095
3882	23472
15865	35868
9600	35961
2942	29718
15844	35846
16825	36950
406	26646
13992	34024
2691	34571
3786	29356
8722	28581
13896	33942
15968	35985
18183	38383
1365	21106
3838	23422
15939	35942
155	19935
12936	32827
16378	36478
2924	37950
7476	27290
12196	32234
6580	26341
7128	26888
8345	28177
18353	38560
18069	33286
10894	30788
10610	30501
5713	25456
6464	30854
7095	26879
4958	38935
1729	21533
17367	37570
4754	24404
13320	33199
8866	28742
17089	37230
18295	38503
82	19862
11331	31224
2564	38827
2219	22056
19599	32438
17590	37804
6365	26167
17988	38187
12434	32467
17298	37486
19196	39492
4445	24071
8171	28394
4234	23882
9800	32614
14747	34737
3758	19742
13291	33170
3407	22310
6095	25840
11860	31818
5414	25243
10976	30870
1770	21575
10582	30483
13180	33074
641	20444
18535	36006
5395	25224
11482	31378
14202	34262
267	20051
11564	31471
815	20595
10718	30600
9763	20879
4836	21265
15457	35375
3671	23292
5615	25426
17522	37715
11510	31412
8169	28396
8883	28761
6870	26608
9313	29245
14792	34784
19292	39578
3805	23390
17048	37180
4382	24021
19524	37900
18467	38673
9303	29237
1144	20926
6875	26613
13385	33267
14987	34976
13318	33087
1317	19819
4900	24615
3141	22849
15718	35700
6791	26493
16934	37058
3620	38801
4072	23672
80	19859
206	19985
10985	30881
5886	25239
6855	26587
6457	29395
17238	37414
3012	22740
13495	33484
12179	32213
11713	31615
5893	25364
588	20403
13285	33164
9050	28936
2026	21845
13968	34003
17752	38004
1315	21062
5511	25357
8215	28031
6199	25964
2671	22560
6971	38274
8510	28366
2842	21480
19614	39608
5265	25016
6060	25809
2877	29727
7900	27762
2690	25975
3646	36782
7988	27817
5754	25593
3619	23251
17314	37505
11283	27025
15694	35660
15160	35142
13005	32868
5688	25653
3887	34033
5935	25772
17891	29448
14691	34649
8098	27956
18473	38678
9324	29254
15322	35316
5398	25227
7774	27607
722	20492
17985	38176
14031	34064
4242	23890
14394	34435
6606	26382
18133	38328
8660	28510
18305	38514
9527	29462
2723	22600
1810	21617
14807	34799
12729	22008
19319	35712
14286	34348
15343	35335
4374	24014
4228	23875
2750	22643
19070	39342
8509	28365
8686	28546
11624	31531
4130	23734
8486	28338
1190	20969
16942	37067
11901	31898
16709	35679
2687	22573
14640	34672
11519	31423
1545	21326
14095	34151
13286	33165
2541	22427
13388	33268
13952	33990
17638	37493
17727	37941
17186	37340
11274	31173
11430	28603
6339	26140
1239	21022
13344	33219
14834	34826
15646	34706
14546	28965
10911	30804
18211	38415
7554	27366
18245	38894
16266	34827
19533	38119
16242	36344
17007	37137
6864	26601
19368	24609
11182	31075
929	20696
3981	23576
4206	23845
5948	25784
13512	33475
249	20036
12828	36077
2843	19759
13131	33024
13175	33569
18281	38487
4654	24289
1194	20973
3354	23099
4239	23887
12129	32178
14319	34378
3276	23021
6586	26357
17376	37565
13929	33922
3653	29074
4178	23781
4659	24295
9587	29515
1603	21374
4800	24459
4543	24171
12195	32232
5113	24847
11748	31661
882	20662
12172	32208
5601	25701
18051	38198
7704	39445
6835	26558
18502	38664
16138	36192
1333	21083
7080	26853
7441	27253
7436	27247
18438	26296
7036	26794
12839	36087
13275	33152
4354	23994
1050	20823
575	20306
8810	28676
429	20239
3687	19690
3060	22786
15564	36243
19497	34509
14803	34795
11686	30636
18359	38564
17119	37264
4504	24133
8386	28220
19406	24685
6770	26480
8864	28740
16023	36049
17143	37291
18689	38922
17880	24286
17410	37594
10367	30300
6410	26218
5723	25545
11121	31017
2237	22075
1253	21036
12045	32052
15357	36214
12620	32671
750	20527
4092	23692
10551	30464
9590	29518
3005	22726
8361	28194
4011	23612
4160	23765
7587	27400
11143	31039
10965	30859
12190	32227
18576	38772
13071	32950
16832	36957
19216	39520
4687	24328
2522	35836
12060	32071
9524	29458
10433	30339
2481	22364
3417	22285
13843	33890
9997	29926
2051	21870
15765	35755
3378	23124
17353	37537
17112	37255
19033	39301
5630	25452
14320	34379
1444	21206
17692	37907
16426	36533
15423	37371
7093	26840
17073	37207
2914	31726
6688	37559
6729	26078
499	20311
16272	35401
7980	27844
1306	21051
19092	39369
11931	31936
8535	28398
16654	36769
12384	32422
2213	22050
244	20030
6630	26401
2651	22534
5110	24845
18165	38364
10687	30715
9772	36348
17936	38181
4550	24177
5124	24874
4692	27115
10247	30192
11248	31146
1215	20997
4835	24496
17390	37577
14604	34626
13179	33073
18714	38960
1950	21770
3954	24345
15988	36005
8190	28227
17146	37295
6020	25805
10187	30124
17706	37924
8879	28756
13412	21327
6320	26121
3342	23087
19212	39515
11016	30920
2756	22651
1522	21298
2379	22236
10481	30391
2754	22647
18758	39006
16028	36053
4162	23767
16871	36995
4885	24576
8647	28513
994	20770
820	20600
18555	38745
15084	35068
19477	25974
2401	22260
18292	38500
9289	29226
6548	26309
1294	19800
13789	33834
10900	30810
2852	22555
5251	25048
6026	31774
18912	39159
1749	21557
16532	36645
15149	35130
7250	26503
14860	34853
6844	26574
18801	39037
11171	31063
11862	31820
16639	36758
1366	21114
2449	22304
18241	38892
11943	31916
781	20549
13481	33394
4774	24430
14649	22156
5330	25140
13085	32974
8933	28813
17517	37710
3917	23041
15821	35817
14307	34340
12076	32089
16152	36241
15565	35514
12037	32045
14578	38616
2442	22316
8807	28671
11668	31567
1852	21667
5278	25082
1662	21450
17193	37347
5717	25518
14431	34475
9520	29454
5247	25042
10892	30786
1157	20940
17194	37348
8576	28445
7475	27289
3862	23446
7706	27530
11530	31434
1781	33529
2883	34620
4269	35637
9696	29645
11093	30989
17708	37926
16727	35761
13739	32870
2296	22142
19615	39609
15154	35135
19646	39632
7063	26824
18998	39245
291	38288
11818	31770
9993	29921
9748	29707
14024	34056
6691	26444
6468	35636
6133	25888
9724	29676
15124	35108
7147	26908
18983	39227
15927	35934
7863	27728
12856	27611
4649	24278
14219	34281
8105	27961
4471	24098
8305	28119
4658	24294
12256	32285
14992	34981
2940	19764
6558	26335
3633	20063
17286	37474
13847	33894
8217	28033
3261	23001
18797	36840
19450	22190
8687	28547
5305	25113
4713	22956
13914	38913
8720	28578
5197	24933
6744	26460
11360	31253
2468	22352
8852	28725
322	37913
15379	37363
16401	36503
4472	24099
1747	21555
11128	31024
11940	31944
9285	23812
9490	29423
18118	38305
6093	25838
15034	35021
12313	32344
2560	22450
9827	29760
1469	21234
11524	31428
10890	30784
1497	21266
18219	38427
4700	31504
12763	28638
9060	28946
11463	31362
13535	33461
19034	39302
886	24684
19361	24590
16267	36366
12595	25337
3533	38278
7726	27562
13104	32995
12272	32300
17926	23239
13357	33233
14740	34730
6879	26617
13865	33911
251	20039
8112	27968
7134	26895
699	20465
4053	23647
10477	30387
6899	26638
12614	32665
1502	21271
7943	27805
18172	38372
14584	34603
10852	30750
2583	22463
14210	34271
10138	30070
2364	22219
7236	26993
5555	25377
17821	20395
347	20144
10822	30721
15068	35053
11169	31061
8956	28840
1224	21006
10350	30283
14106	34161
13609	25643
14670	34127
16469	23044
15819	35814
10299	30230
385	20183
13607	33704
14230	34292
7440	27252
16489	36601
8741	28599
14732	34722
10058	29991
8056	27919
5673	25509
15902	35907
2038	21859
5035	24766
1276	24400
7973	27836
7505	27319
19187	39479
9100	29025
7312	27118
4003	23602
15764	35754
16630	36737
4081	23681
14494	34557
8832	28690
11079	30969
16551	36666
4441	24068
17220	37395
10611	30502
14257	34316
6836	26559
152	19932
5702	25533
13324	33201
5531	25039
18330	33812
11147	31100
10793	30681
8021	27883
13758	33787
5751	25571
958	20735
13709	26661
5290	25094
9467	29393
15638	35607
13857	33904
15372	20649
9739	29681
15854	35859
9424	29350
1461	21227
5785	25669
4241	23889
17866	38128
1942	21763
14636	34667
12771	32408
10880	30775
1016	20792
4559	24185
141	19925
315	20112
627	32886
16791	36911
11104	31000
14527	34588
7070	26832
6177	25939
10708	30590
12300	32331
19042	39309
7749	27593
10147	30078
7286	27048
19089	39366
9464	29390
7793	27633
4979	24700
8234	28050
6765	26476
14933	34925
731	20505
19238	39548
17829	37977
4231	23880
11870	31837
13642	33454
1931	21751
3830	23413
4530	24159
689	20344
4058	23653
3756	19718
8925	28805
5226	24976
9519	29453
7353	27161
7323	27131
17856	38098
15608	35571
13507	33399
5676	25513
8966	28850
5199	24935
4417	35675
1136	20925
11080	30972
15484	35404
15940	35944
7139	26900
10924	30817
1086	34496
15383	20650
2229	22066
718	20488
8959	28844
2394	22253
9510	29443
7389	27211
4783	24441
19043	39311
8547	28413
17082	37223
15631	35602
455	20259
9326	29256
18117	38301
15573	35523
725	20493
15501	35437
15623	35596
5561	36318
2562	22442
10453	30364
11152	31045
11853	22326
9407	39280
412	20220
399	20206
17628	37830
2973	22722
8645	28509
14622	34640
5591	25409
18066	21129
14596	34617
7582	27394
12175	32230
10220	30160
8697	28558
5232	25000
8419	28260
13216	33107
2635	22521
19451	23510
556	20373
15001	34991
14117	34172
10387	27069
7287	27049
17237	37413
10099	29978
12287	32311
10887	30781
18100	38283
19357	24586
4948	33357
5063	24789
9316	29247
6546	26307
12560	32607
10697	30583
18623	38832
6062	25811
10274	29601
18782	39031
906	20685
13461	33742
14569	28991
12668	22230
11313	25169
18553	38743
8092	27950
16293	35420
15649	35616
8463	28315
17875	23196
14212	34274
7106	26842
9977	29905
13363	33239
1943	33000
3685	19687
19428	32130
12615	32664
1499	21268
14052	34092
13950	33988
10861	30760
2216	22053
2465	22348
3707	23323
13603	33684
18090	38270
18550	38739
12994	32854
16921	37049
4999	24719
3532	32437
14879	34871
4997	24718
8931	28811
17633	37835
4906	24621
2836	38002
15550	35500
5198	24934
17068	37202
5060	24786
12314	32345
7748	27583
6927	26669
15918	35924
4051	23645
5212	24939
1261	29540
11674	31575
18567	27001
15620	35583
17943	38279
6826	26542
17249	37425
7993	27856
17809	38059
19206	39506
11368	31264
13635	33425
1862	21681
18437	38645
19528	31802
8615	28481
6786	26491
7218	26535
15351	31894
2262	22097
11500	31398
9138	29076
8556	28421
4605	24231
8147	28004
14530	34591
17457	37643
5685	25525
10646	30523
16141	36194
581	20397
4100	23703
9767	26126
3387	23132
17424	37608
18242	38893
2738	22629
2582	22462
11655	31554
13351	33226
16015	36041
13762	33799
10777	30665
6063	25812
7447	27262
2829	35738
7246	27003
3936	23532
10224	30163
8568	28435
4501	24130
4213	23852
9322	29252
3717	36209
2617	22504
17847	38069
7271	27034
15590	34698
5417	25245
376	20173
7612	27429
16324	36432
9592	29522
9918	29846
6749	26462
4377	24016
2611	22497
17753	38006
10969	30863
3433	23147
12331	32363
14694	22255
8432	28270
11594	31492
4526	24155
15879	35881
4455	24079
12098	32142
1673	21463
17050	37182
13018	32879
867	20641
2932	27713
16089	36147
2615	22502
13330	33205
8331	28148
12896	32754
7832	27683
3497	27513
12316	32347
17972	38161
15899	35900
11398	31295
89	19869
3288	23030
13763	33803
1449	21214
14634	34665
8704	28562
7072	26834
17971	38160
2003	21815
10476	30386
1554	21337
4500	24129
5958	25794
6025	25806
14382	33711
9036	28923
10284	30212
9548	29479
15065	35050
1710	34690
10761	30648
6251	38930
16578	36686
15547	35665
2446	35635
10952	30846
7939	27799
18981	39225
9011	28897
3040	22764
2181	22016
16424	36531
859	20578
11999	32003
17876	23245
18379	38583
7278	22815
17946	31452
5707	25537
8664	28528
3603	23380
1927	21746
1928	21747
13768	33809
10254	30200
13916	33956
11240	31135
10277	29597
14366	34417
11705	31603
12329	32364
18250	38452
4826	33539
15521	35466
16253	36354
5112	24846
8346	28178
14418	34462
17090	37232
6138	25893
7873	27738
11921	31925
4626	24252
19218	39523
16215	36307
2742	22634
19371	24587
4319	23967
5089	24819
18126	38314
15560	35511
17185	37339
18917	39162
18372	38578
16526	36493
9734	29694
12662	20571
13856	33903
14110	34164
2724	22601
6599	26373
7541	27360
18665	38880
17037	37170
13139	33038
13994	34025
14153	34210
8232	28048
576	20393
8551	28417
15728	35715
16829	36954
10605	30555
1816	21624
3748	19721
4446	24072
10129	30058
1141	36322
18828	39070
18188	38389
15993	36009
19601	23247
16971	37098
4240	23888
16715	35694
14206	34266
6098	25842
18941	39188
5058	25483
13080	32969
14450	34516
9082	29152
9596	29525
11719	31627
10513	30425
1769	21574
7990	27854
5474	25319
14305	34357
15102	35087
717	20486
5729	25549
5700	25531
462	20262
11292	31190
2701	22578
14539	28966
6242	26033
4705	23815
16806	36926
835	20609
5654	25488
11746	31659
5629	25451
6387	26189
11505	31409
19407	24688
4638	24271
19334	27446
7239	32116
3039	22763
636	20439
12302	32333
12799	32890
16938	37062
18699	21679
16070	36128
6299	26097
7579	27401
7524	27341
12447	32483
4378	24017
13488	33487
415	20223
6300	26098
13602	33695
11589	31486
4002	23601
12852	29262
1079	20869
1096	20875
14479	34543
10015	29954
9910	29839
14165	34222
9792	19707
43	19807
15471	35388
16350	36445
7882	27735
16740	36859
10970	30864
11452	31353
14073	34112
13712	33743
7038	26797
12789	33259
5309	25115
6602	26380
2337	22186
657	20853
10095	33559
3989	36205
6022	30580
3100	22817
11660	31560
1387	21147
8646	28512
5878	24985
19119	39398
12453	32489
17610	37803
208	19987
12996	32856
4435	24062
15658	35631
10117	30047
15060	35046
12842	27176
3	19664
121	19909
7822	27673
17539	37734
7069	26828
5976	21767
2823	37960
11815	26519
16844	36968
14620	34639
527	20330
1954	21774
19135	39413
11060	31791
13631	33438
16700	36833
14275	34333
2418	22269
5625	25446
17519	37712
469	20266
16509	36621
812	20591
13544	33470
17255	37431
4105	23708
14213	34275
5762	25606
19465	25433
801	20576
12046	32053
18038	38133
13506	33485
3266	23007
9203	29147
3876	23465
16470	36204
596	20411
9335	29270
18413	38621
2183	22018
9863	29792
13365	33241
2147	21974
1543	21324
2822	37959
13390	33269
19316	29221
4604	24230
10959	30853
1043	20816
15140	35123
12012	32015
3985	23580
18957	39204
1121	20906
3888	23425
3415	22281
14582	34601
11420	31321
7796	27636
16662	36778
4807	24465
7746	27582
15364	37357
15417	26377
16034	36058
12612	32662
17950	38205
10980	30876
18533	25106
12455	32482
1863	21682
13643	33408
605	20419
10400	27083
2831	35740
444	20249
900	20679
15685	35647
14076	34115
5641	25473
6061	25810
12671	23858
1133	20918
1122	20907
17602	37794
1824	21635
7839	27693
5796	25682
7302	27065
4223	23868
17166	37315
16549	36664
5005	24730
10764	30651
4857	24528
6366	26168
6120	25875
9700	29649
4246	23894
1703	21508
6430	21548
6608	26384
15442	35361
4474	24101
12185	32221
11226	31120
2413	21469
18683	38907
16388	34709
8405	28245
19265	39569
11305	25158
16703	36835
185	38097
425	20210
18760	39008
15259	35252
15316	35309
1733	33299
18192	38392
12049	32056
8968	28852
18631	38842
6066	25815
8122	27979
4025	23625
13463	33377
6151	25911
17730	37948
18954	39201
8018	27880
5053	24782
11071	30958
13066	32945
10431	30337
9952	29878
1535	21316
10164	30092
4784	24442
9479	29469
11700	24862
14753	34743
8502	28357
12028	32032
4606	24232
18002	38203
1007	27472
4400	38670
18627	38837
7424	27235
9733	29693
18067	31738
18873	39120
11301	37795
4148	23752
11828	31781
14486	34552
19535	22005
3037	22760
9745	31357
5793	25678
14645	22627
15804	35800
18493	26333
2627	22516
10978	30874
5813	25691
220	19998
18609	38812
12986	32843
15432	35351
12951	32812
11804	31755
10623	33617
210	19989
6831	26550
5701	25532
7401	27220
13825	33847
9722	29674
4113	23716
12484	32523
10995	30894
17595	37788
10647	30528
16275	36378
2816	35667
8947	28831
11195	31088
10170	30104
1872	21691
1576	21361
294	20088
3303	25632
381	20178
16366	36466
3698	23314
264	20049
12754	23829
17070	37204
12790	32889
14961	34954
13956	33987
19522	37888
15174	35156
6386	26188
16002	36020
16390	36488
16188	36280
13955	33992
6673	27547
15568	35517
6965	26711
9685	25178
1415	21169
10425	31586
11218	31113
17290	37480
12290	32317
17787	38046
3053	22775
5899	34590
9287	29224
16268	36367
9068	28959
10949	30844
18566	38759
16790	36910
7935	27794
1093	20872
7439	27251
4769	24423
16474	36577
15515	35454
10934	30823
17761	38016
8294	28106
6193	25961
16779	36896
14443	34488
13044	32916
13370	33245
1713	22268
8276	28094
12312	32343
7897	27760
14083	21943
61	19833
19354	24600
13401	33282
7932	27789
153	19933
6798	26511
11766	31680
17599	37789
3371	29939
13710	33740
9295	29230
7060	26822
14822	34814
7867	27732
10103	30151
13725	33759
8653	28518
14123	33836
13714	33745
6631	26402
8795	28659
13864	33910
15933	35939
8520	28376
16369	36469
18585	38768
5666	25501
13444	33360
3366	23115
16962	37088
10370	30302
6785	26490
9898	29824
9684	29631
13102	32993
19178	39468
941	20719
9026	28915
2093	21913
14422	34466
2876	22670
18139	38334
1913	21730
3961	23557
265	27114
16906	37036
6479	36883
1480	21246
3386	35414
14848	34842
7794	27621
3883	23474
10140	30072
2149	21976
18739	38987
6677	27554
6129	25883
16944	37069
2447	37494
19532	38121
12212	31797
6782	26487
1615	21397
13939	33974
18970	39215
19158	39452
12548	32592
13601	33699
10825	33622
10798	30689
7383	27203
10436	30342
12109	32158
6554	26313
1120	20905
6708	39103
8304	28118
5307	27073
4876	24561
378	20175
16943	37068
15977	35994
12939	32800
3413	23140
6232	26021
1098	20877
8561	28427
15031	35019
11937	31942
16450	36555
13537	33463
14520	34582
13107	32998
19440	24505
1531	21310
10727	30610
6217	25993
9155	29095
18843	25498
2126	21954
6445	25292
1487	21254
12976	32837
219	19997
13307	33184
12342	32375
18130	38322
863	20636
17288	37478
12625	32675
11763	31676
12382	32420
3427	39552
3083	22800
7641	27460
15976	21292
1087	34497
12785	21353
4286	23933
15872	35874
7054	26816
11857	31815
18761	38950
17102	37245
8621	28488
7214	26970
3742	19695
8860	28734
8005	27868
14830	34822
14950	34941
9006	28892
14900	34892
15553	35504
18672	38896
15393	22181
12702	23228
14489	34555
16914	37044
3654	23285
19531	38118
7957	27815
7027	26785
967	20742
7628	27449
3235	22967
4644	20547
6882	26620
8927	28808
13948	33985
19270	39572
12236	28722
7090	26863
977	20753
16972	37099
5086	24817
2456	22337
10675	30711
18691	38929
2002	21814
7490	27303
15770	35764
12276	22433
12984	21352
11834	31788
6186	25950
6265	26056
7590	27405
17714	37932
10516	30429
1197	20975
14134	34193
7816	27667
8238	28053
17594	37787
9961	29888
4376	24015
4462	24090
10166	30094
16915	37045
16732	35499
14623	38082
14310	34369
109	19891
809	20588
14533	33835
16736	36855
14415	34459
10560	30493
17139	37286
12624	33191
10958	30850
9267	29207
11448	27493
9935	29860
10372	30306
1887	21475
17259	37436
12650	25320
6145	25905
19205	39503
5547	37200
1722	21525
6252	26041
16046	36102
7042	26804
13904	33950
6620	26396
796	20566
10148	30079
18290	38498
15863	35866
15937	35927
17909	32679
14781	34773
6577	26343
3638	23260
2291	22137
7289	27051
17279	37468
7377	27195
10565	30471
1920	21739
14400	34442
11111	31007
4588	24214
15235	35215
5026	24757
12577	32629
14152	34209
13547	33516
3343	23088
1332	21082
710	20321
18598	38793
1112	20895
16517	19922
12423	38079
4553	24180
3672	23293
11769	31684
15579	35530
6696	25304
14708	34683
15496	35431
11665	31564
13905	33951
9788	37956
17796	22984
13250	33128
6629	24865
13485	33473
10784	30671
12987	32845
15562	35513
19493	31882
7003	26751
11605	31507
16826	36953
15786	35783
8453	28293
16787	36906
11406	31511
6433	21826
12767	25071
18468	38674
10139	30071
16116	36173
8368	28201
18557	38747
14701	36199
9188	32132
8757	28616
9669	29624
1161	20944
5052	24526
12792	21141
14091	34146
3147	22855
7205	26964
12601	32652
13185	33080
1183	20959
14712	34697
15232	35212
15055	35042
18625	38834
7826	27677
14745	34735
10588	30498
7661	33306
16634	36741
16842	36967
19041	26280
16296	28754
17529	37721
11635	32077
17414	37599
14676	23833
9017	28903
2798	19741
7937	27796
4252	23899
7596	31404
2145	21972
15486	35410
13731	32838
6353	26201
2198	22035
17552	37748
747	20523
18388	38594
3966	23562
5394	25223
15363	36217
12881	32740
9421	29347
13813	33861
25	19786
17158	37308
14027	34058
3908	23493
19106	39383
2925	22385
1232	21013
6327	26129
1018	20794
10272	29600
16376	36476
6651	26421
14316	34375
13016	32875
12493	32538
6289	26086
17799	38062
755	20531
17029	37162
19141	39419
16405	36508
8270	28087
6637	26407
8177	28017
16289	36408
120	19905
3044	22768
7888	27752
5971	24512
4664	24300
11980	31981
9851	29784
2214	22051
3161	22870
4577	24201
1364	21105
12461	32498
8318	28136
76	19855
8844	28713
17524	37717
18614	38817
12885	32744
12957	32818
8650	28172
10787	30675
17400	37583
12844	27645
1992	21805
5237	25008
15039	35027
9065	28954
496	33582
14103	34158
5102	24836
75	21177
4854	24375
3027	22751
619	23819
9675	29628
3590	35446
2231	22068
18669	38883
11068	30956
7698	39440
1740	21545
9377	29311
11537	31444
12764	25608
15027	35015
16759	21396
3780	22291
17493	37684
15023	35011
18387	38593
1127	20912
2716	22592
13497	33493
3475	23193
16960	37086
7355	27164
16413	36518
17495	37687
17964	38153
14311	34370
1118	20902
11501	31399
16306	28948
17447	37632
11630	30238
5755	33547
16139	31681
2173	22009
12226	32264
19634	39614
11349	31243
11938	31943
12918	32779
18034	38245
1537	21318
6489	36628
17667	37868
13409	33291
14633	34663
3903	23488
15330	35323
13784	33789
14488	34554
652	20453
3955	23550
887	20666
14143	34201
12273	24454
14758	34748
6636	26406
681	20340
12074	32122
4785	24443
5689	25654
6726	26436
18477	38683
14947	34938
3285	23027
13538	33464
5196	24932
10964	30858
10876	30772
5704	25534
6512	37884
6928	26670
2757	25049
7890	27753
1138	25627
15049	35036
12062	32073
10912	30805
19443	21486
15529	35470
14910	34903
13937	34042
17017	37149
14698	28822
13116	33011
16599	36707
12921	32782
1612	21395
12813	34130
15602	35560
2285	22129
367	20165
9187	29129
16858	36989
18541	38732
18098	38281
2601	22485
11518	31422
14229	34291
6330	26131
6435	22135
12845	36323
4355	23995
3745	23385
17292	37482
3356	23101
1548	21329
13569	33666
1879	21697
10444	30349
14538	20922
2743	22635
11675	31576
7686	27524
10999	30898
17191	37345
13470	33384
12443	32476
472	20269
18225	38426
10809	30703
9015	28901
8088	27945
17864	38126
14508	34638
3632	38093
19015	39269
16200	36292
13587	33683
13624	33407
1471	21236
11975	31977
17127	37272
9912	19817
7456	27273
7833	27684
16171	36267
10994	30893
1641	21427
1082	34490
13156	33048
17168	37318
14644	22111
2811	19798
5745	25567
14491	34558
4740	24376
8310	28125
16004	36022
18030	38479
1220	21002
787	20557
17817	24866
14795	34787
1990	21803
13437	33346
15956	35972
13986	33185
15985	36000
19073	39347
10048	29992
17919	38405
4282	38319
5030	24761
3922	29007
18009	38217
17054	37187
4632	24264
12795	32891
17310	37502
7183	26946
7895	27758
13052	32930
2718	22594
16869	36993
907	20686
3306	23048
15615	35578
8588	28458
15216	35197
9231	29172
11485	31381
7964	27821
18209	38413
4338	23809
6277	26071
278	20069
16592	36701
946	20723
18371	38577
9136	23341
10512	37739
10393	27072
10338	30270
9816	29748
3616	24870
18238	38446
91	19871
3709	23326
14036	34070
6194	25962
1010	20785
14567	28989
10278	29594
14733	34723
8595	28464
3740	19689
7847	27701
2820	37957
18155	38353
2957	22683
15314	35308
12014	32017
6427	35626
18666	38881
310	20107
7067	26831
18212	38821
18461	38666
13148	33063
6256	26046
15036	35024
8577	28446
19337	23521
1638	21423
3562	28949
4931	27408
17111	37254
11075	30962
17995	38192
7781	27619
19136	39414
5081	24809
4520	24148
7557	27369
1244	21021
18086	38265
17387	33633
11345	31237
10677	30541
1039	20813
14667	34118
16246	36349
8251	28067
15921	35926
9563	29488
18559	38749
4336	23983
9989	29916
14887	34877
12136	32185
13255	33132
13356	33232
15366	37358
10366	30296
13973	34008
9094	29017
13161	33049
8983	28865
16476	36583
3236	22968
19329	26347
17149	37298
1277	38926
16889	37013
1279	21044
19345	19728
10416	30321
197	19976
8070	27929
97	19878
7693	27533
4125	23728
11424	31325
3941	23536
19084	39358
4643	24274
11323	31216
10942	30835
15811	35807
10878	30774
17735	37966
11189	31081
11045	31595
9419	29344
10826	33628
13883	33929
6975	26724
19226	39533
10998	30897
18046	38157
8507	28363
11105	31001
14416	34460
19098	39377
18414	38622
10758	30645
10173	30106
15410	37446
19248	39553
12889	32747
13120	33015
7425	27236
15431	35350
11230	31124
14398	34439
2689	22576
574	20392
11851	31812
7831	27682
10607	30558
12225	32262
1052	20825
5554	25376
3762	19733
16881	37004
2763	27087
12317	32348
9634	29582
9965	29891
18013	38223
5286	25091
3003	35969
11745	31658
1479	21244
10116	30046
9757	29716
19396	24421
2032	21852
3754	19782
9849	29781
577	24543
5963	26417
749	20526
10248	30193
14132	34191
5750	25587
11155	31048
10989	30885
2658	22542
6223	26010
6074	25824
4598	24223
18159	38358
15455	35373
18041	38224
16904	37034
9159	29096
2988	22477
9969	29896
5595	25411
5183	24962
2316	22160
12985	38753
11078	30968
3867	23452
12538	32585
8910	28789
17429	37613
15320	35314
6456	22323
12659	34693
10324	30259
12570	32619
10288	30216
14339	34395
9538	29472
4974	24695
8570	28438
4381	24020
8191	28393
6259	26049
3137	22845
18931	39177
13629	33429
17129	37274
2197	22034
15311	35304
14791	34783
13282	33160
6748	26463
3282	23025
8248	28064
12870	32728
7931	27788
8208	28159
10729	30613
5757	25602
987	20744
970	20745
14013	34041
8923	28803
14801	34793
10576	30485
13659	33423
10971	30865
7393	27214
7780	27618
13158	33058
13007	29346
10645	30527
4904	24619
